0:
Fitness: 0.0003633165160053029

phase_biases:
[[[[None, 0.0], [0.0, 0.0], [0.0, 0.0], [0.0, 0.0], [0.0, 0.0], [0.0, 0.0]], [[0.0, None], [0.0, 0.0], [0.0, 0.0], [0.0, 0.0], [0.0, 0.0], [0.0, 0.0]]], [[[0.0, 0.0], [None, 0.0], [0.0, 0.0], [0.0, 0.0], [0.0, 0.0], [0.0, 0.0]], [[0.0, 0.0], [0.0, None], [0.0, 0.0], [0.0, 0.0], [0.0, 0.0], [0.0, 0.0]]], [[[0.0, 0.0], [0.0, 0.0], [None, 0.0], [0.0, 0.0], [0.0, 0.0], [0.0, 0.0]], [[0.0, 0.0], [0.0, 0.0], [0.0, None], [0.0, 0.0], [0.0, 0.0], [0.0, 0.0]]], [[[0.0, 0.0], [0.0, 0.0], [0.0, 0.0], [None, 0.0], [0.0, 0.0], [0.0, 0.0]], [[0.0, 0.0], [0.0, 0.0], [0.0, 0.0], [0.0, None], [0.0, 0.0], [0.0, 0.0]]], [[[0.0, 0.0], [0.0, 0.0], [0.0, 0.0], [0.0, 0.0], [None, 0.0], [0.0, 0.0]], [[0.0, 0.0], [0.0, 0.0], [0.0, 0.0], [0.0, 0.0], [0.0, None], [0.0, 0.0]]], [[[0.0, 0.0], [0.0, 0.0], [0.0, 0.0], [0.0, 0.0], [0.0, 0.0], [None, 0.0]], [[0.0, 0.0], [0.0, 0.0], [0.0, 0.0], [0.0, 0.0], [0.0, 0.0], [0.0, None]]]]
intrinsic_amplitudes:
[0.005174113658531487, -0.17385339192247473, 0.004970348397944413, -0.17388017640868503, 0.004822193367311822, -0.17389964388396395, 0.004716483745722977, -0.17391353037093582, 0.004642055986439297, -0.17392330569074899, 0.0045901371679706315, -0.1739301237918025]


-------------------------------------------------------
1:
Fitness: 0.00406515030657078

phase_biases:
[[[[None, 0.8493476589559856], [0.8493476589559856, 0.8493476589559856], [0.8493476589559856, 0.8493476589559856], [0.8493476589559856, 0.8493476589559856], [0.8493476589559856, 0.8493476589559856], [0.8493476589559856, 0.8493476589559856]], [[2.874182112995955, None], [2.874182112995955, 2.874182112995955], [2.874182112995955, 2.874182112995955], [2.874182112995955, 2.874182112995955], [2.874182112995955, 2.874182112995955], [2.874182112995955, 2.874182112995955]]], [[[0.8493476589559856, 0.8493476589559856], [None, 0.8493476589559856], [0.8493476589559856, 0.8493476589559856], [0.8493476589559856, 0.8493476589559856], [0.8493476589559856, 0.8493476589559856], [0.8493476589559856, 0.8493476589559856]], [[2.874182112995955, 2.874182112995955], [2.874182112995955, None], [2.874182112995955, 2.874182112995955], [2.874182112995955, 2.874182112995955], [2.874182112995955, 2.874182112995955], [2.874182112995955, 2.874182112995955]]], [[[0.8493476589559856, 0.8493476589559856], [0.8493476589559856, 0.8493476589559856], [None, 0.8493476589559856], [0.8493476589559856, 0.8493476589559856], [0.8493476589559856, 0.8493476589559856], [0.8493476589559856, 0.8493476589559856]], [[2.874182112995955, 2.874182112995955], [2.874182112995955, 2.874182112995955], [2.874182112995955, None], [2.874182112995955, 2.874182112995955], [2.874182112995955, 2.874182112995955], [2.874182112995955, 2.874182112995955]]], [[[0.8493476589559856, 0.8493476589559856], [0.8493476589559856, 0.8493476589559856], [0.8493476589559856, 0.8493476589559856], [None, 0.8493476589559856], [0.8493476589559856, 0.8493476589559856], [0.8493476589559856, 0.8493476589559856]], [[2.874182112995955, 2.874182112995955], [2.874182112995955, 2.874182112995955], [2.874182112995955, 2.874182112995955], [2.874182112995955, None], [2.874182112995955, 2.874182112995955], [2.874182112995955, 2.874182112995955]]], [[[0.8493476589559856, 0.8493476589559856], [0.8493476589559856, 0.8493476589559856], [0.8493476589559856, 0.8493476589559856], [0.8493476589559856, 0.8493476589559856], [None, 0.8493476589559856], [0.8493476589559856, 0.8493476589559856]], [[2.874182112995955, 2.874182112995955], [2.874182112995955, 2.874182112995955], [2.874182112995955, 2.874182112995955], [2.874182112995955, 2.874182112995955], [2.874182112995955, None], [2.874182112995955, 2.874182112995955]]], [[[0.8493476589559856, 0.8493476589559856], [0.8493476589559856, 0.8493476589559856], [0.8493476589559856, 0.8493476589559856], [0.8493476589559856, 0.8493476589559856], [0.8493476589559856, 0.8493476589559856], [None, 0.8493476589559856]], [[2.874182112995955, 2.874182112995955], [2.874182112995955, 2.874182112995955], [2.874182112995955, 2.874182112995955], [2.874182112995955, 2.874182112995955], [2.874182112995955, 2.874182112995955], [2.874182112995955, None]]]]
intrinsic_amplitudes:
[0.0, -0.17452999999999985, 0.0, -0.17452999999999985, 0.0, -0.17452999999999985, 0.0, -0.17452999999999985, 0.0, -0.17452999999999985, 0.0, -0.17452999999999985]


-------------------------------------------------------
2:
Fitness: 0.17012639643476132

phase_biases:
[[[[None, -0.6696979634584652], [-0.6696979634584652, -0.6696979634584652], [-0.6696979634584652, -0.6696979634584652], [-0.6696979634584652, -0.6696979634584652], [-0.6696979634584652, -0.6696979634584652], [-0.6696979634584652, -0.6696979634584652]], [[-0.6696979634584652, None], [-0.6696979634584652, -0.6696979634584652], [-0.6696979634584652, -0.6696979634584652], [-0.6696979634584652, -0.6696979634584652], [-0.6696979634584652, -0.6696979634584652], [-0.6696979634584652, -0.6696979634584652]]], [[[-2.9032845728446333, -2.9032845728446333], [None, -2.9032845728446333], [-2.9032845728446333, -2.9032845728446333], [-2.9032845728446333, -2.9032845728446333], [-2.9032845728446333, -2.9032845728446333], [-2.9032845728446333, -2.9032845728446333]], [[-2.9032845728446333, -2.9032845728446333], [-2.9032845728446333, None], [-2.9032845728446333, -2.9032845728446333], [-2.9032845728446333, -2.9032845728446333], [-2.9032845728446333, -2.9032845728446333], [-2.9032845728446333, -2.9032845728446333]]], [[[-0.7610960405634231, -0.7610960405634231], [-0.7610960405634231, -0.7610960405634231], [None, -0.7610960405634231], [-0.7610960405634231, -0.7610960405634231], [-0.7610960405634231, -0.7610960405634231], [-0.7610960405634231, -0.7610960405634231]], [[-0.7610960405634231, -0.7610960405634231], [-0.7610960405634231, -0.7610960405634231], [-0.7610960405634231, None], [-0.7610960405634231, -0.7610960405634231], [-0.7610960405634231, -0.7610960405634231], [-0.7610960405634231, -0.7610960405634231]]], [[[2.6211089164378816, 2.6211089164378816], [2.6211089164378816, 2.6211089164378816], [2.6211089164378816, 2.6211089164378816], [None, 2.6211089164378816], [2.6211089164378816, 2.6211089164378816], [2.6211089164378816, 2.6211089164378816]], [[2.6211089164378816, 2.6211089164378816], [2.6211089164378816, 2.6211089164378816], [2.6211089164378816, 2.6211089164378816], [2.6211089164378816, None], [2.6211089164378816, 2.6211089164378816], [2.6211089164378816, 2.6211089164378816]]], [[[1.9729018001072482, 1.9729018001072482], [1.9729018001072482, 1.9729018001072482], [1.9729018001072482, 1.9729018001072482], [1.9729018001072482, 1.9729018001072482], [None, 1.9729018001072482], [1.9729018001072482, 1.9729018001072482]], [[1.9729018001072482, 1.9729018001072482], [1.9729018001072482, 1.9729018001072482], [1.9729018001072482, 1.9729018001072482], [1.9729018001072482, 1.9729018001072482], [1.9729018001072482, None], [1.9729018001072482, 1.9729018001072482]]], [[[-1.8049086434818458, -1.8049086434818458], [-1.8049086434818458, -1.8049086434818458], [-1.8049086434818458, -1.8049086434818458], [-1.8049086434818458, -1.8049086434818458], [-1.8049086434818458, -1.8049086434818458], [None, -1.8049086434818458]], [[-1.8049086434818458, -1.8049086434818458], [-1.8049086434818458, -1.8049086434818458], [-1.8049086434818458, -1.8049086434818458], [-1.8049086434818458, -1.8049086434818458], [-1.8049086434818458, -1.8049086434818458], [-1.8049086434818458, None]]]]
intrinsic_amplitudes:
[-0.2580236814790604, -0.5357628583974519, -0.25802370199307734, -0.5357628871170519, -0.25802370199309754, -0.5357628871170803, -0.25802370199309754, -0.5357628871170803, -0.25802370199309754, -0.5357628871170803, -0.25802370199309754, -0.5357628871170803]


-------------------------------------------------------
3:
Fitness: 0.6322016258507894

phase_biases:
[[[[None, 0.900156073677568], [0.900156073677568, 0.900156073677568], [0.900156073677568, 0.900156073677568], [0.900156073677568, 0.900156073677568], [0.900156073677568, 0.900156073677568], [0.900156073677568, 0.900156073677568]], [[0.900156073677568, None], [0.900156073677568, 0.900156073677568], [0.900156073677568, 0.900156073677568], [0.900156073677568, 0.900156073677568], [0.900156073677568, 0.900156073677568], [0.900156073677568, 0.900156073677568]]], [[[-2.0379783677170646, -2.0379783677170646], [None, -2.0379783677170646], [-2.0379783677170646, -2.0379783677170646], [-2.0379783677170646, -2.0379783677170646], [-2.0379783677170646, -2.0379783677170646], [-2.0379783677170646, -2.0379783677170646]], [[-2.0379783677170646, -2.0379783677170646], [-2.0379783677170646, None], [-2.0379783677170646, -2.0379783677170646], [-2.0379783677170646, -2.0379783677170646], [-2.0379783677170646, -2.0379783677170646], [-2.0379783677170646, -2.0379783677170646]]], [[[-2.8548698965232386, -2.8548698965232386], [-2.8548698965232386, -2.8548698965232386], [None, -2.8548698965232386], [-2.8548698965232386, -2.8548698965232386], [-2.8548698965232386, -2.8548698965232386], [-2.8548698965232386, -2.8548698965232386]], [[-2.8548698965232386, -2.8548698965232386], [-2.8548698965232386, -2.8548698965232386], [-2.8548698965232386, None], [-2.8548698965232386, -2.8548698965232386], [-2.8548698965232386, -2.8548698965232386], [-2.8548698965232386, -2.8548698965232386]]], [[[-1.042184705877216, -1.042184705877216], [-1.042184705877216, -1.042184705877216], [-1.042184705877216, -1.042184705877216], [None, -1.042184705877216], [-1.042184705877216, -1.042184705877216], [-1.042184705877216, -1.042184705877216]], [[-1.042184705877216, -1.042184705877216], [-1.042184705877216, -1.042184705877216], [-1.042184705877216, -1.042184705877216], [-1.042184705877216, None], [-1.042184705877216, -1.042184705877216], [-1.042184705877216, -1.042184705877216]]], [[[1.933795910221436, 1.933795910221436], [1.933795910221436, 1.933795910221436], [1.933795910221436, 1.933795910221436], [1.933795910221436, 1.933795910221436], [None, 1.933795910221436], [1.933795910221436, 1.933795910221436]], [[1.933795910221436, 1.933795910221436], [1.933795910221436, 1.933795910221436], [1.933795910221436, 1.933795910221436], [1.933795910221436, 1.933795910221436], [1.933795910221436, None], [1.933795910221436, 1.933795910221436]]], [[[2.875874496755749, 2.875874496755749], [2.875874496755749, 2.875874496755749], [2.875874496755749, 2.875874496755749], [2.875874496755749, 2.875874496755749], [2.875874496755749, 2.875874496755749], [None, 2.875874496755749]], [[2.875874496755749, 2.875874496755749], [2.875874496755749, 2.875874496755749], [2.875874496755749, 2.875874496755749], [2.875874496755749, 2.875874496755749], [2.875874496755749, 2.875874496755749], [2.875874496755749, None]]]]
intrinsic_amplitudes:
[-0.8065469380806026, -1.303694789078529, -0.8065469380806044, -1.3036947890785315, -0.8065469380806044, -1.3036947890785315, -0.8065469380806044, -1.3036947890785315, -0.8065469380806026, -1.303694789078529, -0.8065469380806026, -1.303694789078529]


-------------------------------------------------------
4:
Fitness: 0.8157227548594236

phase_biases:
[[[[None, -2.762059566706678], [-2.762059566706678, -2.762059566706678], [-2.762059566706678, -2.762059566706678], [-2.762059566706678, -2.762059566706678], [-2.762059566706678, -2.762059566706678], [-2.762059566706678, -2.762059566706678]], [[2.857576908647756, None], [2.857576908647756, 2.857576908647756], [2.857576908647756, 2.857576908647756], [2.857576908647756, 2.857576908647756], [2.857576908647756, 2.857576908647756], [2.857576908647756, 2.857576908647756]]], [[[1.8205483656761174, 1.8205483656761174], [None, 1.8205483656761174], [1.8205483656761174, 1.8205483656761174], [1.8205483656761174, 1.8205483656761174], [1.8205483656761174, 1.8205483656761174], [1.8205483656761174, 1.8205483656761174]], [[0.9255709465144815, 0.9255709465144815], [0.9255709465144815, None], [0.9255709465144815, 0.9255709465144815], [0.9255709465144815, 0.9255709465144815], [0.9255709465144815, 0.9255709465144815], [0.9255709465144815, 0.9255709465144815]]], [[[1.9598735985444335, 1.9598735985444335], [1.9598735985444335, 1.9598735985444335], [None, 1.9598735985444335], [1.9598735985444335, 1.9598735985444335], [1.9598735985444335, 1.9598735985444335], [1.9598735985444335, 1.9598735985444335]], [[1.943167976938966, 1.943167976938966], [1.943167976938966, 1.943167976938966], [1.943167976938966, None], [1.943167976938966, 1.943167976938966], [1.943167976938966, 1.943167976938966], [1.943167976938966, 1.943167976938966]]], [[[1.9628973954241875, 1.9628973954241875], [1.9628973954241875, 1.9628973954241875], [1.9628973954241875, 1.9628973954241875], [None, 1.9628973954241875], [1.9628973954241875, 1.9628973954241875], [1.9628973954241875, 1.9628973954241875]], [[1.9625251913093091, 1.9625251913093091], [1.9625251913093091, 1.9625251913093091], [1.9625251913093091, 1.9625251913093091], [1.9625251913093091, None], [1.9625251913093091, 1.9625251913093091], [1.9625251913093091, 1.9625251913093091]]], [[[1.9629650705427455, 1.9629650705427455], [1.9629650705427455, 1.9629650705427455], [1.9629650705427455, 1.9629650705427455], [1.9629650705427455, 1.9629650705427455], [None, 1.9629650705427455], [1.9629650705427455, 1.9629650705427455]], [[1.962956735207575, 1.962956735207575], [1.962956735207575, 1.962956735207575], [1.962956735207575, 1.962956735207575], [1.962956735207575, 1.962956735207575], [1.962956735207575, None], [1.962956735207575, 1.962956735207575]]], [[[1.9629665862489478, 1.9629665862489478], [1.9629665862489478, 1.9629665862489478], [1.9629665862489478, 1.9629665862489478], [1.9629665862489478, 1.9629665862489478], [1.9629665862489478, 1.9629665862489478], [None, 1.9629665862489478]], [[1.9629663995615356, 1.9629663995615356], [1.9629663995615356, 1.9629663995615356], [1.9629663995615356, 1.9629663995615356], [1.9629663995615356, 1.9629663995615356], [1.9629663995615356, 1.9629663995615356], [1.9629663995615356, None]]]]
intrinsic_amplitudes:
[0.007039451341020797, -0.16627601570233752, 0.7873959679829907, 0.9276448375521684, 0.806504132833687, 0.9545748525386508, 0.8064608680347587, 0.9545142906966246, 0.7218170747687265, 0.8360130692471568, 0.002133188786520579, -0.17154353814848822]


-------------------------------------------------------
5:
Fitness: 0.8268392468630065

phase_biases:
[[[[None, 2.2077610794774145], [2.2077610794774145, 2.2077610794774145], [2.2077610794774145, 2.2077610794774145], [2.2077610794774145, 2.2077610794774145], [2.2077610794774145, 2.2077610794774145], [2.2077610794774145, 2.2077610794774145]], [[2.2077610794774145, None], [2.2077610794774145, 2.2077610794774145], [2.2077610794774145, 2.2077610794774145], [2.2077610794774145, 2.2077610794774145], [2.2077610794774145, 2.2077610794774145], [2.2077610794774145, 2.2077610794774145]]], [[[-1.8203825149123354, -1.8203825149123354], [None, -1.8203825149123354], [-1.8203825149123354, -1.8203825149123354], [-1.8203825149123354, -1.8203825149123354], [-1.8203825149123354, -1.8203825149123354], [-1.8203825149123354, -1.8203825149123354]], [[-1.8203825149123354, -1.8203825149123354], [-1.8203825149123354, None], [-1.8203825149123354, -1.8203825149123354], [-1.8203825149123354, -1.8203825149123354], [-1.8203825149123354, -1.8203825149123354], [-1.8203825149123354, -1.8203825149123354]]], [[[-2.5517249038296703, -2.5517249038296703], [-2.5517249038296703, -2.5517249038296703], [None, -2.5517249038296703], [-2.5517249038296703, -2.5517249038296703], [-2.5517249038296703, -2.5517249038296703], [-2.5517249038296703, -2.5517249038296703]], [[-2.5517249038296703, -2.5517249038296703], [-2.5517249038296703, -2.5517249038296703], [-2.5517249038296703, None], [-2.5517249038296703, -2.5517249038296703], [-2.5517249038296703, -2.5517249038296703], [-2.5517249038296703, -2.5517249038296703]]], [[[1.2755735264029449, 1.2755735264029449], [1.2755735264029449, 1.2755735264029449], [1.2755735264029449, 1.2755735264029449], [None, 1.2755735264029449], [1.2755735264029449, 1.2755735264029449], [1.2755735264029449, 1.2755735264029449]], [[1.2755735264029449, 1.2755735264029449], [1.2755735264029449, 1.2755735264029449], [1.2755735264029449, 1.2755735264029449], [1.2755735264029449, None], [1.2755735264029449, 1.2755735264029449], [1.2755735264029449, 1.2755735264029449]]], [[[2.779078262653492, 2.779078262653492], [2.779078262653492, 2.779078262653492], [2.779078262653492, 2.779078262653492], [2.779078262653492, 2.779078262653492], [None, 2.779078262653492], [2.779078262653492, 2.779078262653492]], [[2.779078262653492, 2.779078262653492], [2.779078262653492, 2.779078262653492], [2.779078262653492, 2.779078262653492], [2.779078262653492, 2.779078262653492], [2.779078262653492, None], [2.779078262653492, 2.779078262653492]]], [[[-0.6512431621716974, -0.6512431621716974], [-0.6512431621716974, -0.6512431621716974], [-0.6512431621716974, -0.6512431621716974], [-0.6512431621716974, -0.6512431621716974], [-0.6512431621716974, -0.6512431621716974], [None, -0.6512431621716974]], [[-0.6512431621716974, -0.6512431621716974], [-0.6512431621716974, -0.6512431621716974], [-0.6512431621716974, -0.6512431621716974], [-0.6512431621716974, -0.6512431621716974], [-0.6512431621716974, -0.6512431621716974], [-0.6512431621716974, None]]]]
intrinsic_amplitudes:
[0.800815145727841, 0.9466102863528105, 0.800949976119083, 0.9467990487460454, 0.800952666138842, 0.9468028147706247, 0.8009526842150065, 0.9468028400772344, 0.8009526842556878, 0.9468028401341884, 0.8009526842557184, 0.946802840134231]


-------------------------------------------------------
6:
Fitness: 0.940449783975618

phase_biases:
[[[[None, -2.7802194961650604], [-2.7802194961650604, -2.7802194961650604], [-2.7802194961650604, -2.7802194961650604], [-2.7802194961650604, -2.7802194961650604], [-2.7802194961650604, -2.7802194961650604], [-2.7802194961650604, -2.7802194961650604]], [[-2.7802194961650604, None], [-2.7802194961650604, -2.7802194961650604], [-2.7802194961650604, -2.7802194961650604], [-2.7802194961650604, -2.7802194961650604], [-2.7802194961650604, -2.7802194961650604], [-2.7802194961650604, -2.7802194961650604]]], [[[-2.7461331157377553, -2.7461331157377553], [None, -2.7461331157377553], [-2.7461331157377553, -2.7461331157377553], [-2.7461331157377553, -2.7461331157377553], [-2.7461331157377553, -2.7461331157377553], [-2.7461331157377553, -2.7461331157377553]], [[-2.7461331157377553, -2.7461331157377553], [-2.7461331157377553, None], [-2.7461331157377553, -2.7461331157377553], [-2.7461331157377553, -2.7461331157377553], [-2.7461331157377553, -2.7461331157377553], [-2.7461331157377553, -2.7461331157377553]]], [[[-1.587134528974941, -1.587134528974941], [-1.587134528974941, -1.587134528974941], [None, -1.587134528974941], [-1.587134528974941, -1.587134528974941], [-1.587134528974941, -1.587134528974941], [-1.587134528974941, -1.587134528974941]], [[-1.587134528974941, -1.587134528974941], [-1.587134528974941, -1.587134528974941], [-1.587134528974941, None], [-1.587134528974941, -1.587134528974941], [-1.587134528974941, -1.587134528974941], [-1.587134528974941, -1.587134528974941]]], [[[0.4043203067484509, 0.4043203067484509], [0.4043203067484509, 0.4043203067484509], [0.4043203067484509, 0.4043203067484509], [None, 0.4043203067484509], [0.4043203067484509, 0.4043203067484509], [0.4043203067484509, 0.4043203067484509]], [[0.4043203067484509, 0.4043203067484509], [0.4043203067484509, 0.4043203067484509], [0.4043203067484509, 0.4043203067484509], [0.4043203067484509, None], [0.4043203067484509, 0.4043203067484509], [0.4043203067484509, 0.4043203067484509]]], [[[2.163822212357788, 2.163822212357788], [2.163822212357788, 2.163822212357788], [2.163822212357788, 2.163822212357788], [2.163822212357788, 2.163822212357788], [None, 2.163822212357788], [2.163822212357788, 2.163822212357788]], [[2.163822212357788, 2.163822212357788], [2.163822212357788, 2.163822212357788], [2.163822212357788, 2.163822212357788], [2.163822212357788, 2.163822212357788], [2.163822212357788, None], [2.163822212357788, 2.163822212357788]]], [[[2.8917344079952, 2.8917344079952], [2.8917344079952, 2.8917344079952], [2.8917344079952, 2.8917344079952], [2.8917344079952, 2.8917344079952], [2.8917344079952, 2.8917344079952], [None, 2.8917344079952]], [[2.8917344079952, 2.8917344079952], [2.8917344079952, 2.8917344079952], [2.8917344079952, 2.8917344079952], [2.8917344079952, 2.8917344079952], [2.8917344079952, 2.8917344079952], [2.8917344079952, None]]]]
intrinsic_amplitudes:
[0.21001898914216088, 0.11949634413509447, 0.7812589071573588, 0.9192315747639239, 0.4000462788812422, 0.3855343320146676, 0.7226841689891721, 0.8372270084501396, 0.6059949670639986, 0.6738622594708157, 0.10074139289791706, -0.03349216538399924]


-------------------------------------------------------
7:
Fitness: 1.454735771181449

phase_biases:
[[[[None, -1.8162102814598526], [-1.8162102814598526, -1.8162102814598526], [-1.8162102814598526, -1.8162102814598526], [-1.8162102814598526, -1.8162102814598526], [-1.8162102814598526, -1.8162102814598526], [-1.8162102814598526, -1.8162102814598526]], [[-1.8162102814598526, None], [-1.8162102814598526, -1.8162102814598526], [-1.8162102814598526, -1.8162102814598526], [-1.8162102814598526, -1.8162102814598526], [-1.8162102814598526, -1.8162102814598526], [-1.8162102814598526, -1.8162102814598526]]], [[[0.001685880411491425, 0.001685880411491425], [None, 0.001685880411491425], [0.001685880411491425, 0.001685880411491425], [0.001685880411491425, 0.001685880411491425], [0.001685880411491425, 0.001685880411491425], [0.001685880411491425, 0.001685880411491425]], [[0.001685880411491425, 0.001685880411491425], [0.001685880411491425, None], [0.001685880411491425, 0.001685880411491425], [0.001685880411491425, 0.001685880411491425], [0.001685880411491425, 0.001685880411491425], [0.001685880411491425, 0.001685880411491425]]], [[[1.8137256245267626, 1.8137256245267626], [1.8137256245267626, 1.8137256245267626], [None, 1.8137256245267626], [1.8137256245267626, 1.8137256245267626], [1.8137256245267626, 1.8137256245267626], [1.8137256245267626, 1.8137256245267626]], [[1.8137256245267626, 1.8137256245267626], [1.8137256245267626, 1.8137256245267626], [1.8137256245267626, None], [1.8137256245267626, 1.8137256245267626], [1.8137256245267626, 1.8137256245267626], [1.8137256245267626, 1.8137256245267626]]], [[[-2.7938069127443677, -2.7938069127443677], [-2.7938069127443677, -2.7938069127443677], [-2.7938069127443677, -2.7938069127443677], [None, -2.7938069127443677], [-2.7938069127443677, -2.7938069127443677], [-2.7938069127443677, -2.7938069127443677]], [[-2.7938069127443677, -2.7938069127443677], [-2.7938069127443677, -2.7938069127443677], [-2.7938069127443677, -2.7938069127443677], [-2.7938069127443677, None], [-2.7938069127443677, -2.7938069127443677], [-2.7938069127443677, -2.7938069127443677]]], [[[2.7609973746870757, 2.7609973746870757], [2.7609973746870757, 2.7609973746870757], [2.7609973746870757, 2.7609973746870757], [2.7609973746870757, 2.7609973746870757], [None, 2.7609973746870757], [2.7609973746870757, 2.7609973746870757]], [[2.7609973746870757, 2.7609973746870757], [2.7609973746870757, 2.7609973746870757], [2.7609973746870757, 2.7609973746870757], [2.7609973746870757, 2.7609973746870757], [2.7609973746870757, None], [2.7609973746870757, 2.7609973746870757]]], [[[-1.7157711598587921, -1.7157711598587921], [-1.7157711598587921, -1.7157711598587921], [-1.7157711598587921, -1.7157711598587921], [-1.7157711598587921, -1.7157711598587921], [-1.7157711598587921, -1.7157711598587921], [None, -1.7157711598587921]], [[-1.7157711598587921, -1.7157711598587921], [-1.7157711598587921, -1.7157711598587921], [-1.7157711598587921, -1.7157711598587921], [-1.7157711598587921, -1.7157711598587921], [-1.7157711598587921, -1.7157711598587921], [-1.7157711598587921, None]]]]
intrinsic_amplitudes:
[0.8065454602662769, 0.9546327201401668, 0.8065455667786177, 0.9546328692573214, 0.8065466099045371, 0.9546343296324138, 0.8020073868644131, 0.9482794225778042, -0.6941940876527821, -1.146400927226408, 0.6219073867393243, 0.6961396287819892]


-------------------------------------------------------
8:
Fitness: 1.515158510620808

phase_biases:
[[[[None, -2.1169326337797836], [-2.1169326337797836, -2.1169326337797836], [-2.1169326337797836, -2.1169326337797836], [-2.1169326337797836, -2.1169326337797836], [-2.1169326337797836, -2.1169326337797836], [-2.1169326337797836, -2.1169326337797836]], [[-2.1169326337797836, None], [-2.1169326337797836, -2.1169326337797836], [-2.1169326337797836, -2.1169326337797836], [-2.1169326337797836, -2.1169326337797836], [-2.1169326337797836, -2.1169326337797836], [-2.1169326337797836, -2.1169326337797836]]], [[[1.116910643294852, 1.116910643294852], [None, 1.116910643294852], [1.116910643294852, 1.116910643294852], [1.116910643294852, 1.116910643294852], [1.116910643294852, 1.116910643294852], [1.116910643294852, 1.116910643294852]], [[1.116910643294852, 1.116910643294852], [1.116910643294852, None], [1.116910643294852, 1.116910643294852], [1.116910643294852, 1.116910643294852], [1.116910643294852, 1.116910643294852], [1.116910643294852, 1.116910643294852]]], [[[0.13187638037396532, 0.13187638037396532], [0.13187638037396532, 0.13187638037396532], [None, 0.13187638037396532], [0.13187638037396532, 0.13187638037396532], [0.13187638037396532, 0.13187638037396532], [0.13187638037396532, 0.13187638037396532]], [[0.13187638037396532, 0.13187638037396532], [0.13187638037396532, 0.13187638037396532], [0.13187638037396532, None], [0.13187638037396532, 0.13187638037396532], [0.13187638037396532, 0.13187638037396532], [0.13187638037396532, 0.13187638037396532]]], [[[-1.349532064366314, -1.349532064366314], [-1.349532064366314, -1.349532064366314], [-1.349532064366314, -1.349532064366314], [None, -1.349532064366314], [-1.349532064366314, -1.349532064366314], [-1.349532064366314, -1.349532064366314]], [[-1.349532064366314, -1.349532064366314], [-1.349532064366314, -1.349532064366314], [-1.349532064366314, -1.349532064366314], [-1.349532064366314, None], [-1.349532064366314, -1.349532064366314], [-1.349532064366314, -1.349532064366314]]], [[[2.2750486503955507, 2.2750486503955507], [2.2750486503955507, 2.2750486503955507], [2.2750486503955507, 2.2750486503955507], [2.2750486503955507, 2.2750486503955507], [None, 2.2750486503955507], [2.2750486503955507, 2.2750486503955507]], [[2.2750486503955507, 2.2750486503955507], [2.2750486503955507, 2.2750486503955507], [2.2750486503955507, 2.2750486503955507], [2.2750486503955507, 2.2750486503955507], [2.2750486503955507, None], [2.2750486503955507, 2.2750486503955507]]], [[[-2.7919911923238168, -2.7919911923238168], [-2.7919911923238168, -2.7919911923238168], [-2.7919911923238168, -2.7919911923238168], [-2.7919911923238168, -2.7919911923238168], [-2.7919911923238168, -2.7919911923238168], [None, -2.7919911923238168]], [[-2.7919911923238168, -2.7919911923238168], [-2.7919911923238168, -2.7919911923238168], [-2.7919911923238168, -2.7919911923238168], [-2.7919911923238168, -2.7919911923238168], [-2.7919911923238168, -2.7919911923238168], [-2.7919911923238168, None]]]]
intrinsic_amplitudes:
[0.7361737681409619, 0.8561124318047102, 0.7361737681384382, 0.856112431801177, 0.7361737681109597, 0.8561124317627073, 0.7361737681106297, 0.856112431762245, 0.7361737681106297, 0.856112431762245, 0.7361737681106297, 0.856112431762245]


-------------------------------------------------------
9:
Fitness: 1.5675853332447018

phase_biases:
[[[[None, -0.05242968130222536], [-0.05242968130222536, -0.05242968130222536], [-0.05242968130222536, -0.05242968130222536], [-0.05242968130222536, -0.05242968130222536], [-0.05242968130222536, -0.05242968130222536], [-0.05242968130222536, -0.05242968130222536]], [[-0.05242968130222536, None], [-0.05242968130222536, -0.05242968130222536], [-0.05242968130222536, -0.05242968130222536], [-0.05242968130222536, -0.05242968130222536], [-0.05242968130222536, -0.05242968130222536], [-0.05242968130222536, -0.05242968130222536]]], [[[-1.9977780378847276, -1.9977780378847276], [None, -1.9977780378847276], [-1.9977780378847276, -1.9977780378847276], [-1.9977780378847276, -1.9977780378847276], [-1.9977780378847276, -1.9977780378847276], [-1.9977780378847276, -1.9977780378847276]], [[-1.9977780378847276, -1.9977780378847276], [-1.9977780378847276, None], [-1.9977780378847276, -1.9977780378847276], [-1.9977780378847276, -1.9977780378847276], [-1.9977780378847276, -1.9977780378847276], [-1.9977780378847276, -1.9977780378847276]]], [[[-2.8760520629513655, -2.8760520629513655], [-2.8760520629513655, -2.8760520629513655], [None, -2.8760520629513655], [-2.8760520629513655, -2.8760520629513655], [-2.8760520629513655, -2.8760520629513655], [-2.8760520629513655, -2.8760520629513655]], [[-2.8760520629513655, -2.8760520629513655], [-2.8760520629513655, -2.8760520629513655], [-2.8760520629513655, None], [-2.8760520629513655, -2.8760520629513655], [-2.8760520629513655, -2.8760520629513655], [-2.8760520629513655, -2.8760520629513655]]], [[[-2.522542327003307, -2.522542327003307], [-2.522542327003307, -2.522542327003307], [-2.522542327003307, -2.522542327003307], [None, -2.522542327003307], [-2.522542327003307, -2.522542327003307], [-2.522542327003307, -2.522542327003307]], [[-2.522542327003307, -2.522542327003307], [-2.522542327003307, -2.522542327003307], [-2.522542327003307, -2.522542327003307], [-2.522542327003307, None], [-2.522542327003307, -2.522542327003307], [-2.522542327003307, -2.522542327003307]]], [[[-0.9658149978223793, -0.9658149978223793], [-0.9658149978223793, -0.9658149978223793], [-0.9658149978223793, -0.9658149978223793], [-0.9658149978223793, -0.9658149978223793], [None, -0.9658149978223793], [-0.9658149978223793, -0.9658149978223793]], [[-0.9658149978223793, -0.9658149978223793], [-0.9658149978223793, -0.9658149978223793], [-0.9658149978223793, -0.9658149978223793], [-0.9658149978223793, -0.9658149978223793], [-0.9658149978223793, None], [-0.9658149978223793, -0.9658149978223793]]], [[[1.1728820738495118, 1.1728820738495118], [1.1728820738495118, 1.1728820738495118], [1.1728820738495118, 1.1728820738495118], [1.1728820738495118, 1.1728820738495118], [1.1728820738495118, 1.1728820738495118], [None, 1.1728820738495118]], [[1.1728820738495118, 1.1728820738495118], [1.1728820738495118, 1.1728820738495118], [1.1728820738495118, 1.1728820738495118], [1.1728820738495118, 1.1728820738495118], [1.1728820738495118, 1.1728820738495118], [1.1728820738495118, None]]]]
intrinsic_amplitudes:
[0.7852321272918754, 0.9247940783992745, 0.7623160414598615, 0.8927115844943443, 0.7173575811388293, 0.8297697915634776, 0.63635560197701, 0.7163671135583214, 0.5111884902387644, 0.5411333005556607, 0.3583113642848952, 0.32710549940445066]


-------------------------------------------------------
10:
Fitness: 1.7256892528903196

phase_biases:
[[[[None, -2.8757822166042413], [-2.8757822166042413, -2.8757822166042413], [-2.8757822166042413, -2.8757822166042413], [-2.8757822166042413, -2.8757822166042413], [-2.8757822166042413, -2.8757822166042413], [-2.8757822166042413, -2.8757822166042413]], [[-2.8757822166042413, None], [-2.8757822166042413, -2.8757822166042413], [-2.8757822166042413, -2.8757822166042413], [-2.8757822166042413, -2.8757822166042413], [-2.8757822166042413, -2.8757822166042413], [-2.8757822166042413, -2.8757822166042413]]], [[[-2.544417162306015, -2.544417162306015], [None, -2.544417162306015], [-2.544417162306015, -2.544417162306015], [-2.544417162306015, -2.544417162306015], [-2.544417162306015, -2.544417162306015], [-2.544417162306015, -2.544417162306015]], [[-2.544417162306015, -2.544417162306015], [-2.544417162306015, None], [-2.544417162306015, -2.544417162306015], [-2.544417162306015, -2.544417162306015], [-2.544417162306015, -2.544417162306015], [-2.544417162306015, -2.544417162306015]]], [[[2.1564911343376263, 2.1564911343376263], [2.1564911343376263, 2.1564911343376263], [None, 2.1564911343376263], [2.1564911343376263, 2.1564911343376263], [2.1564911343376263, 2.1564911343376263], [2.1564911343376263, 2.1564911343376263]], [[2.1564911343376263, 2.1564911343376263], [2.1564911343376263, 2.1564911343376263], [2.1564911343376263, None], [2.1564911343376263, 2.1564911343376263], [2.1564911343376263, 2.1564911343376263], [2.1564911343376263, 2.1564911343376263]]], [[[2.1964429502907308, 2.1964429502907308], [2.1964429502907308, 2.1964429502907308], [2.1964429502907308, 2.1964429502907308], [None, 2.1964429502907308], [2.1964429502907308, 2.1964429502907308], [2.1964429502907308, 2.1964429502907308]], [[2.1964429502907308, 2.1964429502907308], [2.1964429502907308, 2.1964429502907308], [2.1964429502907308, 2.1964429502907308], [2.1964429502907308, None], [2.1964429502907308, 2.1964429502907308], [2.1964429502907308, 2.1964429502907308]]], [[[2.1966447331096806, 2.1966447331096806], [2.1966447331096806, 2.1966447331096806], [2.1966447331096806, 2.1966447331096806], [2.1966447331096806, 2.1966447331096806], [None, 2.1966447331096806], [2.1966447331096806, 2.1966447331096806]], [[2.1966447331096806, 2.1966447331096806], [2.1966447331096806, 2.1966447331096806], [2.1966447331096806, 2.1966447331096806], [2.1966447331096806, 2.1966447331096806], [2.1966447331096806, None], [2.1966447331096806, 2.1966447331096806]]], [[[2.1966457685981204, 2.1966457685981204], [2.1966457685981204, 2.1966457685981204], [2.1966457685981204, 2.1966457685981204], [2.1966457685981204, 2.1966457685981204], [2.1966457685981204, 2.1966457685981204], [None, 2.1966457685981204]], [[2.1966457685981204, 2.1966457685981204], [2.1966457685981204, 2.1966457685981204], [2.1966457685981204, 2.1966457685981204], [2.1966457685981204, 2.1966457685981204], [2.1966457685981204, 2.1966457685981204], [2.1966457685981204, None]]]]
intrinsic_amplitudes:
[-0.8056628864467581, -1.2692975998420744, -0.624523809623158, 0.29170891745685523, -0.7984968309008932, -1.2911650984497494, -0.7983139641057052, -1.2890805382291257, -0.7983127731263846, -1.289068707476414, -0.7983127670074194, -1.2890686467276287]


-------------------------------------------------------
11:
Fitness: 2.9557282733057493

phase_biases:
[[[[None, 0.47843537997415986], [0.47843537997415986, 0.47843537997415986], [0.47843537997415986, 0.47843537997415986], [0.47843537997415986, 0.47843537997415986], [0.47843537997415986, 0.47843537997415986], [0.47843537997415986, 0.47843537997415986]], [[0.47843537997415986, None], [0.47843537997415986, 0.47843537997415986], [0.47843537997415986, 0.47843537997415986], [0.47843537997415986, 0.47843537997415986], [0.47843537997415986, 0.47843537997415986], [0.47843537997415986, 0.47843537997415986]]], [[[-1.746126860123792, -1.746126860123792], [None, -1.746126860123792], [-1.746126860123792, -1.746126860123792], [-1.746126860123792, -1.746126860123792], [-1.746126860123792, -1.746126860123792], [-1.746126860123792, -1.746126860123792]], [[-1.746126860123792, -1.746126860123792], [-1.746126860123792, None], [-1.746126860123792, -1.746126860123792], [-1.746126860123792, -1.746126860123792], [-1.746126860123792, -1.746126860123792], [-1.746126860123792, -1.746126860123792]]], [[[-2.85279392600758, -2.85279392600758], [-2.85279392600758, -2.85279392600758], [None, -2.85279392600758], [-2.85279392600758, -2.85279392600758], [-2.85279392600758, -2.85279392600758], [-2.85279392600758, -2.85279392600758]], [[-2.85279392600758, -2.85279392600758], [-2.85279392600758, -2.85279392600758], [-2.85279392600758, None], [-2.85279392600758, -2.85279392600758], [-2.85279392600758, -2.85279392600758], [-2.85279392600758, -2.85279392600758]]], [[[-2.5158409068638643, -2.5158409068638643], [-2.5158409068638643, -2.5158409068638643], [-2.5158409068638643, -2.5158409068638643], [None, -2.5158409068638643], [-2.5158409068638643, -2.5158409068638643], [-2.5158409068638643, -2.5158409068638643]], [[-2.5158409068638643, -2.5158409068638643], [-2.5158409068638643, -2.5158409068638643], [-2.5158409068638643, -2.5158409068638643], [-2.5158409068638643, None], [-2.5158409068638643, -2.5158409068638643], [-2.5158409068638643, -2.5158409068638643]]], [[[-0.7793630240748346, -0.7793630240748346], [-0.7793630240748346, -0.7793630240748346], [-0.7793630240748346, -0.7793630240748346], [-0.7793630240748346, -0.7793630240748346], [None, -0.7793630240748346], [-0.7793630240748346, -0.7793630240748346]], [[-0.7793630240748346, -0.7793630240748346], [-0.7793630240748346, -0.7793630240748346], [-0.7793630240748346, -0.7793630240748346], [-0.7793630240748346, -0.7793630240748346], [-0.7793630240748346, None], [-0.7793630240748346, -0.7793630240748346]]], [[[1.5004552700682945, 1.5004552700682945], [1.5004552700682945, 1.5004552700682945], [1.5004552700682945, 1.5004552700682945], [1.5004552700682945, 1.5004552700682945], [1.5004552700682945, 1.5004552700682945], [None, 1.5004552700682945]], [[1.5004552700682945, 1.5004552700682945], [1.5004552700682945, 1.5004552700682945], [1.5004552700682945, 1.5004552700682945], [1.5004552700682945, 1.5004552700682945], [1.5004552700682945, 1.5004552700682945], [1.5004552700682945, None]]]]
intrinsic_amplitudes:
[0.8004797180391341, 0.9461406879729926, 0.805928491363332, 0.9537689643830376, 0.8065163159659932, 0.9545919181531661, 0.7787045624527047, 0.9156554951044709, 0.8065278591536136, 0.9546080786026074, 0.8052838450014446, 0.9528664602151053]


-------------------------------------------------------
12:
Fitness: 2.974536643983762

phase_biases:
[[[[None, 0.47843537997415986], [0.47843537997415986, 0.47843537997415986], [0.47843537997415986, 0.47843537997415986], [0.47843537997415986, 0.47843537997415986], [0.47843537997415986, 0.47843537997415986], [0.47843537997415986, 0.47843537997415986]], [[0.47843537997415986, None], [0.47843537997415986, 0.47843537997415986], [0.47843537997415986, 0.47843537997415986], [0.47843537997415986, 0.47843537997415986], [0.47843537997415986, 0.47843537997415986], [0.47843537997415986, 0.47843537997415986]]], [[[-1.746126860123792, -1.746126860123792], [None, -1.746126860123792], [-1.746126860123792, -1.746126860123792], [-1.746126860123792, -1.746126860123792], [-1.746126860123792, -1.746126860123792], [-1.746126860123792, -1.746126860123792]], [[-1.746126860123792, -1.746126860123792], [-1.746126860123792, None], [-1.746126860123792, -1.746126860123792], [-1.746126860123792, -1.746126860123792], [-1.746126860123792, -1.746126860123792], [-1.746126860123792, -1.746126860123792]]], [[[-2.85279392600758, -2.85279392600758], [-2.85279392600758, -2.85279392600758], [None, -2.85279392600758], [-2.85279392600758, -2.85279392600758], [-2.85279392600758, -2.85279392600758], [-2.85279392600758, -2.85279392600758]], [[-2.85279392600758, -2.85279392600758], [-2.85279392600758, -2.85279392600758], [-2.85279392600758, None], [-2.85279392600758, -2.85279392600758], [-2.85279392600758, -2.85279392600758], [-2.85279392600758, -2.85279392600758]]], [[[-2.5158409068638643, -2.5158409068638643], [-2.5158409068638643, -2.5158409068638643], [-2.5158409068638643, -2.5158409068638643], [None, -2.5158409068638643], [-2.5158409068638643, -2.5158409068638643], [-2.5158409068638643, -2.5158409068638643]], [[-2.5158409068638643, -2.5158409068638643], [-2.5158409068638643, -2.5158409068638643], [-2.5158409068638643, -2.5158409068638643], [-2.5158409068638643, None], [-2.5158409068638643, -2.5158409068638643], [-2.5158409068638643, -2.5158409068638643]]], [[[-0.7793630240748346, -0.7793630240748346], [-0.7793630240748346, -0.7793630240748346], [-0.7793630240748346, -0.7793630240748346], [-0.7793630240748346, -0.7793630240748346], [None, -0.7793630240748346], [-0.7793630240748346, -0.7793630240748346]], [[-0.7793630240748346, -0.7793630240748346], [-0.7793630240748346, -0.7793630240748346], [-0.7793630240748346, -0.7793630240748346], [-0.7793630240748346, -0.7793630240748346], [-0.7793630240748346, None], [-0.7793630240748346, -0.7793630240748346]]], [[[1.5004552700682945, 1.5004552700682945], [1.5004552700682945, 1.5004552700682945], [1.5004552700682945, 1.5004552700682945], [1.5004552700682945, 1.5004552700682945], [1.5004552700682945, 1.5004552700682945], [None, 1.5004552700682945]], [[1.5004552700682945, 1.5004552700682945], [1.5004552700682945, 1.5004552700682945], [1.5004552700682945, 1.5004552700682945], [1.5004552700682945, 1.5004552700682945], [1.5004552700682945, 1.5004552700682945], [1.5004552700682945, None]]]]
intrinsic_amplitudes:
[0.8040678794350988, 0.8852975282011859, 0.8040678794350988, 0.8954870671513695, 0.8040678794350988, 0.8851646601666054, 0.8040678794350988, 0.885163811676839, 0.8040678794350988, 0.8851637364536589, 0.8040678794350988, 0.885163736450326]


-------------------------------------------------------
13:
Fitness: 3.0545126230348347

phase_biases:
[[[[None, 0.514480924178101], [0.514480924178101, 0.514480924178101], [0.514480924178101, 0.514480924178101], [0.514480924178101, 0.514480924178101], [0.514480924178101, 0.514480924178101], [0.514480924178101, 0.514480924178101]], [[0.514480924178101, None], [0.514480924178101, 0.514480924178101], [0.514480924178101, 0.514480924178101], [0.514480924178101, 0.514480924178101], [0.514480924178101, 0.514480924178101], [0.514480924178101, 0.514480924178101]]], [[[-1.7181436953411007, -1.7181436953411007], [None, -1.7181436953411007], [-1.7181436953411007, -1.7181436953411007], [-1.7181436953411007, -1.7181436953411007], [-1.7181436953411007, -1.7181436953411007], [-1.7181436953411007, -1.7181436953411007]], [[-1.7181436953411007, -1.7181436953411007], [-1.7181436953411007, None], [-1.7181436953411007, -1.7181436953411007], [-1.7181436953411007, -1.7181436953411007], [-1.7181436953411007, -1.7181436953411007], [-1.7181436953411007, -1.7181436953411007]]], [[[-2.846755580602991, -2.846755580602991], [-2.846755580602991, -2.846755580602991], [None, -2.846755580602991], [-2.846755580602991, -2.846755580602991], [-2.846755580602991, -2.846755580602991], [-2.846755580602991, -2.846755580602991]], [[-2.846755580602991, -2.846755580602991], [-2.846755580602991, -2.846755580602991], [-2.846755580602991, None], [-2.846755580602991, -2.846755580602991], [-2.846755580602991, -2.846755580602991], [-2.846755580602991, -2.846755580602991]]], [[[-2.532002611861342, -2.532002611861342], [-2.532002611861342, -2.532002611861342], [-2.532002611861342, -2.532002611861342], [None, -2.532002611861342], [-2.532002611861342, -2.532002611861342], [-2.532002611861342, -2.532002611861342]], [[-2.532002611861342, -2.532002611861342], [-2.532002611861342, -2.532002611861342], [-2.532002611861342, -2.532002611861342], [-2.532002611861342, None], [-2.532002611861342, -2.532002611861342], [-2.532002611861342, -2.532002611861342]]], [[[-0.8143126408629948, -0.8143126408629948], [-0.8143126408629948, -0.8143126408629948], [-0.8143126408629948, -0.8143126408629948], [-0.8143126408629948, -0.8143126408629948], [None, -0.8143126408629948], [-0.8143126408629948, -0.8143126408629948]], [[-0.8143126408629948, -0.8143126408629948], [-0.8143126408629948, -0.8143126408629948], [-0.8143126408629948, -0.8143126408629948], [-0.8143126408629948, -0.8143126408629948], [-0.8143126408629948, None], [-0.8143126408629948, -0.8143126408629948]]], [[[1.4700652201929616, 1.4700652201929616], [1.4700652201929616, 1.4700652201929616], [1.4700652201929616, 1.4700652201929616], [1.4700652201929616, 1.4700652201929616], [1.4700652201929616, 1.4700652201929616], [None, 1.4700652201929616]], [[1.4700652201929616, 1.4700652201929616], [1.4700652201929616, 1.4700652201929616], [1.4700652201929616, 1.4700652201929616], [1.4700652201929616, 1.4700652201929616], [1.4700652201929616, 1.4700652201929616], [1.4700652201929616, None]]]]
intrinsic_amplitudes:
[0.7982369394051338, 0.9430008004554264, 0.7368034928089191, 0.8569940456182392, 0.803982999269405, 0.9510452776809086, 0.8065445561009623, 0.9546314543097623, 0.8065469344808709, 0.9546347840389093, 0.8065469376821897, 0.9546347885207513]


-------------------------------------------------------
14:
Fitness: 4.4762825744602335

phase_biases:
[[[[None, -1.0453402411243449], [-0.8406904284432706, -1.0453402411243449], [-0.8406904284432706, -1.0453402411243449], [-0.8406904284432706, -1.0453402411243449], [-0.8406904284432706, -1.0453402411243449], [-0.8406904284432706, -1.0453402411243449]], [[-1.3996944172750112, None], [-1.3996944172750112, -2.7806543903170766], [-1.3996944172750112, -2.7806543903170766], [-1.3996944172750112, -2.7806543903170766], [-1.3996944172750112, -2.7806543903170766], [-1.3996944172750112, -2.7806543903170766]]], [[[-0.20831974681189624, -1.7721423029076213], [None, -1.7721423029076213], [-0.20831974681189624, -1.7721423029076213], [-0.20831974681189624, -1.7721423029076213], [-0.20831974681189624, -1.7721423029076213], [-0.20831974681189624, -1.7721423029076213]], [[2.8979792863364207, 1.3422375870160765], [2.8979792863364207, None], [2.8979792863364207, 1.3422375870160765], [2.8979792863364207, 1.3422375870160765], [2.8979792863364207, 1.3422375870160765], [2.8979792863364207, 1.3422375870160765]]], [[[2.8273055848096966, 2.8931085134776247], [2.8273055848096966, 2.8931085134776247], [None, 2.8931085134776247], [2.8273055848096966, 2.8931085134776247], [2.8273055848096966, 2.8931085134776247], [2.8273055848096966, 2.8931085134776247]], [[-1.079726509959082, -1.8372900381403872], [-1.079726509959082, -1.8372900381403872], [-1.079726509959082, None], [-1.079726509959082, -1.8372900381403872], [-1.079726509959082, -1.8372900381403872], [-1.079726509959082, -1.8372900381403872]]], [[[-1.3231642847165164, -0.8599566819096518], [-1.3231642847165164, -0.8599566819096518], [-1.3231642847165164, -0.8599566819096518], [None, -0.8599566819096518], [-1.3231642847165164, -0.8599566819096518], [-1.3231642847165164, -0.8599566819096518]], [[-0.8386111162192442, -0.8310797121885694], [-0.8386111162192442, -0.8310797121885694], [-0.8386111162192442, -0.8310797121885694], [-0.8386111162192442, None], [-0.8386111162192442, -0.8310797121885694], [-0.8386111162192442, -0.8310797121885694]]], [[[-0.8309597445860897, -0.8309226965746888], [-0.8309597445860897, -0.8309226965746888], [-0.8309597445860897, -0.8309226965746888], [-0.8309597445860897, -0.8309226965746888], [None, -0.8309226965746888], [-0.8309597445860897, -0.8309226965746888]], [[-0.830922442637787, -0.8309224078490045], [-0.830922442637787, -0.8309224078490045], [-0.830922442637787, -0.8309224078490045], [-0.830922442637787, -0.8309224078490045], [-0.830922442637787, None], [-0.830922442637787, -0.8309224078490045]]], [[[-0.8309224077636443, -0.830922407751653], [-0.8309224077636443, -0.830922407751653], [-0.8309224077636443, -0.830922407751653], [-0.8309224077636443, -0.830922407751653], [-0.8309224077636443, -0.830922407751653], [None, -0.830922407751653]], [[-0.8309224077516406, -0.8309224077516406], [-0.8309224077516406, -0.8309224077516406], [-0.8309224077516406, -0.8309224077516406], [-0.8309224077516406, -0.8309224077516406], [-0.8309224077516406, -0.8309224077516406], [-0.8309224077516406, None]]]]
intrinsic_amplitudes:
[-0.8065469375083492, -1.3036947879775265, 0.8049303999908033, 0.9523716376057347, 0.8049304001248463, 0.9523716377928855, 0.8049304001248463, 0.9523716377928855, 0.8049304001248463, 0.9523716377928855, 0.8049304001248463, 0.9523716377928855]


-------------------------------------------------------
